1 Buy 2024-01-10 50 100.25 1 12345 101
2 Sell 2024-01-15 20 150.50 2 67890 102
3 Buy 2024-02-05 100 75.30 3 54321 103
4 Sell 2024-02-20 10 200.75 4 98765 104
5 Buy 2024-03-03 75 90.10 5 11223 105
6 Sell 2024-03-18 30 145.25 6 44556 101
7 Buy 2024-04-01 50 110.00 7 77889 102
8 Sell 2024-04-16 25 250.40 8 99000 103
9 Buy 2024-05-12 80 65.75 9 33344 104
10 Sell 2024-05-25 15 175.35 10 66677 105
11 Buy 2024-06-02 60 125.00 11 11122 101
12 Sell 2024-06-14 45 210.20 12 44455 102
13 Buy 2024-07-01 100 80.00 13 77788 103
14 Sell 2024-07-10 35 300.50 14 99999 104
15 Buy 2024-08-08 70 95.75 15 22233 105
16 Sell 2024-08-20 40 120.45 16 55566 101
17 Buy 2024-09-05 90 105.00 17 88899 102
18 Sell 2024-09-19 20 250.30 18 32112 103
19 Buy 2024-10-03 85 85.75 19 65443 104
20 Sell 2024-10-17 30 190.50 20 98774 105
21 Buy 2024-01-14 40 115.00 21 25162 101
22 Sell 2024-01-28 25 240.10 22 76484 102
23 Buy 2024-02-12 50 70.25 23 34353 103
24 Sell 2024-02-26 20 180.40 24 88882 104
25 Buy 2024-03-15 95 60.50 25 19283 105
26 Sell 2024-03-28 30 155.25 26 76834 101
27 Buy 2024-04-09 55 130.00 27 44352 102
28 Sell 2024-04-22 35 205.40 28 98764 103
29 Buy 2024-05-03 100 75.75 29 21346 104
30 Sell 2024-05-18 40 170.60 30 65432 105
31 Buy 2024-06-04 65 85.00 31 81274 101
32 Sell 2024-06-15 50 200.20 32 14367 102
33 Buy 2024-07-05 75 110.75 33 97642 103
34 Sell 2024-07-18 20 300.45 34 35487 104
35 Buy 2024-08-02 80 65.30 35 67598 105
36 Sell 2024-08-16 25 190.25 36 43785 101
37 Buy 2024-09-10 90 95.75 37 91236 102
38 Sell 2024-09-24 15 125.50 38 83425 103
39 Buy 2024-10-01 100 80.40 39 23874 104
40 Sell 2024-10-15 45 250.00 40 65748 105
41 Buy 2024-01-18 70 100.50 41 39456 101
42 Sell 2024-01-31 30 170.75 42 84725 102
43 Buy 2024-02-14 80 115.25 43 17284 103
44 Sell 2024-02-27 20 225.10 44 98576 104
45 Buy 2024-03-09 95 60.50 45 21947 105
46 Sell 2024-03-23 30 130.30 46 65284 101
47 Buy 2024-04-11 55 120.10 47 81739 102
48 Sell 2024-04-26 35 210.75 48 43685 103
49 Buy 2024-05-10 100 70.50 49 91425 104
50 Sell 2024-05-23 40 185.60 50 28394 105
51 Buy 2024-06-01 85 95.25 51 37658 101
52 Sell 2024-06-13 25 300.10 52 71542 102
53 Buy 2024-07-07 75 110.45 53 64932 103
54 Sell 2024-07-16 30 160.20 54 29384 104
55 Buy 2024-08-01 65 100.00 55 81725 105
56 Sell 2024-08-12 45 240.75 56 94836 101
57 Buy 2024-09-06 80 75.60 57 34625 102
58 Sell 2024-09-22 30 175.35 58 78523 103
59 Buy 2024-10-04 90 90.25 59 43265 104
60 Sell 2024-10-20 20 125.00 60 63842 105
61 Buy 2024-01-09 100 80.10 61 19453 101
62 Sell 2024-01-22 35 205.45 62 84726 102
63 Buy 2024-02-06 70 95.75 63 37524 103
64 Sell 2024-02-19 25 190.20 64 94235 104
65 Buy 2024-03-05 85 110.50 65 82146 105
66 Sell 2024-03-21 30 155.10 66 54783 101
67 Buy 2024-04-07 65 125.75 67 92347 102
68 Sell 2024-04-19 40 215.00 68 41258 103
69 Buy 2024-05-04 75 70.25 69 63842 104
70 Sell 2024-05-22 35 175.60 70 31457 105
71 Buy 2024-06-02 90 60.75 71 78425 101
72 Sell 2024-06-14 20 125.25 72 41735 102
73 Buy 2024-07-03 50 150.00 73 93257 103
74 Sell 2024-07-11 40 200.10 74 63745 104
75 Buy 2024-08-09 75 80.75 75 31857 105
76 Sell 2024-08-24 25 170.50 76 65748 101
77 Buy 2024-09-13 85 100.25 77 72458 102
78 Sell 2024-09-28 30 150.45 78 21847 103
79 Buy 2024-10-08 65 125.00 79 41385 104
80 Sell 2024-10-25 20 250.25 80 63457 105
81 Buy 2024-01-06 70 85.50 81 39485 101
82 Sell 2024-01-18 30 300.75 82 54827 102
83 Buy 2024-02-08 50 95.25 83 21574 103
84 Sell 2024-02-21 40 175.30 84 87635 104
85 Buy 2024-03-12 80 100.75 85 47528 105
86 Sell 2024-03-26 25 190.50 86 71934 101
87 Buy 2024-04-15 90 80.00 87 64258 102
88 Sell 2024-04-30 20 125.75 88 34758 103
89 Buy 2024-05-05 100 110.50 89 91345 104
90 Sell 2024-05-20 35 185.00 90 32457 105
91 Buy 2024-06-09 75 70.25 91 84735 101
92 Sell 2024-06-21 40 140.50 92 29547 102
93 Buy 2024-07-06 65 125.75 93 12346 103
94 Sell 2024-07-19 30 215.10 94 83745 104
95 Buy 2024-08-14 50 90.25 95 72546 105
96 Sell 2024-08-26 25 155.00 96 48527 101
97 Buy 2024-09-09 90 85.60 97 92374 102
98 Sell 2024-09-25 35 175.35 98 63542 103
99 Buy 2024-10-03 80 105.00 99 82135 104
100 Sell 2024-10-17 45 250.45 100 31485 105
